
A - B   0   1
0       0  -1
1       1   0

A - B   -1   0  +1
-1       0  -1  -2
 0      +1   0  -1
+1      +2  +1   0

A - B   | -1.0  -0.5   0.0  +0.5  +1.0
--------+-----------------------------
-1.0    |  0.0  -0.5  -1.0  -1.5  -2.0
-0.5    | +0.5   0.0  -0.5  -1.0  -1.5
 0.0    | +1.0  +0.5   0.0  -0.5  -1.0
+0.5    | +1.5  +1.0  +0.5   0.0  -0.5
+1.0    | +2.0  +1.5  +1.0  +0.5   0.0

A * B   | -1.00  -0.50   0.00  +0.50  +1.00
--------+----------------------------------
-1.00   | +1.00  +0.50   0.00  -0.50  -1.00
-0.50   | +0.50  +0.25   0.00  -0.25  -0.50
 0.00   |  0.00   0.00   0.00   0.00   0.00
+0.50   | -0.50  -0.25   0.00  +0.25  +0.50
+1.00   | -1.00  -0.50   0.00  +0.50  +1.00

A * B   | -1.000  -0.500   0.000  +0.500  +1.000
--------+---------------------------------------
-1.000  | +1.000  +0.500   0.000  -0.500  -1.000
-0.500  | +0.500  +0.250   0.000  -0.250  -0.500
 0.000  |  0.000   0.000   0.000   0.000   0.000
+0.500  | -0.500  -0.250   0.000  +0.250  +0.500
+1.000  | -1.000  -0.500   0.000  +0.500  +1.000
